StudentID,Hours_Studied,Attendance_Percent,Test_Score
1,2.5,65,48
2,3,70,52
3,1,50,35
4,4.5,80,78
5,5,90,85
6,2,60,45
7,3.5,75,62
8,4,85,72
9,1.5,55,40
10,5.5,95,92
11,6,98,96
12,2.8,68,50
13,3.2,72,58
14,4.8,88,80
15,1.2,52,30
16,2.3,63,47
17,3.9,82,70
18,4.2,86,75
19,5.7,92,90
20,2.1,66,49
21,1.8,59,42
22,3.6,74,64
23,4.1,83,73
24,5.3,91,87
25,2.7,67,53
26,3.3,71,61
27,4.6,89,82
28,1.4,54,38
29,3.8,78,69
30,5.2,94,89
31,2.6,62,51
32,4,80,71
33,5.9,99,98
34,3.1,69,56
35,1.9,57,44
36,4.9,87,83
37,2.4,64,48
38,3.4,76,63
39,4.7,90,86
40,5.6,93,91
41,2.2,61,46
42,3.7,79,68
43,1.6,53,39
44,4.3,84,74
45,5.1,92,88
46,2.9,70,55
47,3,73,60
48,4.4,86,77
49,1.3,51,34
50,3.5,77,65
51,5.8,96,95
52,2,60,45
53,4.8,85,81
54,3.6,74,66
55,1.7,56,41
56,4.2,88,79
57,2.1,63,49
58,5,91,84
59,3.9,82,71
60,1.1,49,28
61,2.8,68,54
62,4.6,87,82
63,5.4,95,90
64,3.3,75,62
65,1.5,52,37
66,4.1,83,74
67,5.2,94,89
68,2.4,65,50
69,3.7,79,69
70,4.9,90,85
71,1.9,58,43
72,3.2,72,59
73,5.6,98,94
74,4,81,73
75,2.6,66,52
76,3.8,78,68
77,1.4,55,36
78,4.7,89,86
79,5.1,93,88
80,3,70,57
81,2.2,62,47
82,3.4,73,63
83,5.7,97,93
84,4.3,85,76
85,1.6,54,40
86,2.9,67,53
87,4.8,88,83
88,3.6,76,67
89,2,60,45
90,5.5,96,92
91,3.1,71,58
92,1.2,50,33
93,4.5,84,79
94,5.3,92,89
95,2.7,69,54
96,3.9,80,72
97,1.8,57,42
98,4.1,86,78
99,5.9,99,97
100,3.5,77,66